67.9
67.9
67.9
67.9
67.9
67.9
67.9
67.9
67.9
67.9
67.9
67.9
67.9
67.9
67.9
67.9
67.9
67.9
67.9
67.9
67.9
67.9
67.9
67.9
67.9
67.9
67.9
67.9
67.9
67.9
67.9
67.9
67.9
67.9
67.9
67.9
67.9
67.9
67.9
67.9
67.9
67.9
67.9
67.9
67.9
67.9
67.9
67.9
67.9
67.9
67.9
67.9
67.9
67.9
67.9
67.9
67.9
67.9
67.9
67.9
67.9
67.9
67.9
67.9
67.907
67.907
67.914
67.935
67.963
67.998
68.061
68.124
68.208
68.411
68.446
68.481
68.488
68.502
68.516
68.516
68.523
68.53
68.537
68.537
68.544
68.544
68.544
68.551
68.551
68.551
68.551
68.558
68.558
68.558
68.558
68.558
68.565
68.565
68.565
68.565
68.565
68.565
68.565
68.565
68.565
68.565
68.565
68.565
68.565
68.565
68.565
68.565
68.565
68.565
68.565
68.565
68.565
68.572
68.565
68.565
68.572
68.572
68.572
68.565
68.572
68.572
68.572
68.572
68.572
68.572
68.572
68.572
68.572
68.572
68.572
68.572
68.572
68.572
68.572
68.572
68.572
68.572
68.572
68.572
68.572
68.572
68.572
68.572
68.572
68.572
68.572
68.572
68.572
68.572
68.572
68.572
68.572
68.572
68.572
68.572
68.572
68.572
68.572
68.572
68.572
68.572
68.572
68.572
68.572
68.572
68.572
68.572
68.572
68.572
68.572
68.572
68.572
68.572
68.572
68.572
68.572
68.572
68.572
68.572
68.572
68.572
68.572
68.572
68.572
68.572
68.572
68.572
68.572
68.572
68.572
68.572
68.572
68.572
68.572
68.572
68.572
68.572
68.572
68.572
68.572
68.572
68.572
68.572
68.572
68.572
68.572
68.572
68.572
68.572
68.572
68.572
68.572
68.572
68.572
68.572
68.572
68.572
68.572
68.572
68.572
68.572
68.572
68.572
68.572
68.572
68.572
68.572
68.565
68.565
68.558
68.551
68.551
68.544
68.537
68.53
68.523
68.516
68.509
68.495
68.481
68.481
68.46
68.439
68.411
68.187
68.138
68.103
68.068
68.054
68.033
68.019
68.005
67.998
67.991
67.984
67.977
67.97
67.97
67.963
67.963
67.956
67.956
67.949
67.949
67.942
67.942
67.942
67.942
67.935
67.935
67.935
67.935
67.928
67.928
67.928
67.928
67.928
67.928
67.921
67.921
67.921
67.921
67.921
67.921
67.921
67.921
67.914
67.914
67.914
67.914
67.914
67.914
67.914
67.914
67.914
67.907
67.907
67.907
67.907
67.907
67.907
67.907
67.907
67.907
67.907
67.907
67.907
67.907
67.907
67.9
67.9
67.9
67.9
67.9
67.9
67.9
67.9
67.9
67.9
67.9
67.9
67.9
67.9
67.9
67.9
67.9
67.9
67.9
67.893
67.9
67.9
67.893
67.893
67.893
67.893
67.893
67.893
67.893
67.893
67.893
67.893
67.893
67.893
67.893
67.893
67.893
67.893
67.893
67.893
67.893
67.893
67.893
67.893
67.893
67.893
67.893
67.893
67.893
67.893
67.893
67.893
67.893
67.893
67.893
67.893
67.886
67.893
67.886
67.893
67.893
67.886
67.893
67.893
67.886
67.886
67.893
67.886
67.893
67.886
67.886
67.886
67.886
67.886
67.886
67.886
67.886
67.886
67.886
67.886
67.886
67.886
67.886
67.886
67.886
67.886
67.886
67.886
67.886
67.886
67.886
67.886
67.886
67.886
67.886
67.886
67.886
67.886
67.886
67.886
67.886
67.886
67.886
67.886
67.886
67.886
67.886
67.886
67.886
67.886
67.886
67.886
67.886
67.886
67.886
67.886
67.886
67.886
67.886
67.886
67.886
67.886
67.886
67.886
67.886
67.886
67.886
67.886
67.886
67.886
67.886
67.886
67.886
67.886
67.886
67.886
67.886
67.886
67.893
67.893
67.893
67.893
67.9
67.9
67.907
67.907
67.914
67.914
67.921
67.921
67.928
67.928
67.928
67.935
67.935
67.935
67.942
67.942
67.942
67.949
67.949
67.949
67.949
67.949
67.956
67.956
67.956
67.956
67.956
67.956
67.956
67.956
67.956
67.963
67.963
67.963
67.963
67.963
67.963
67.963
67.963
67.963
67.963
67.963
67.963
67.963
67.963
67.963
67.963
67.963
67.963
67.963
67.963
67.963
67.97
67.963
67.97
67.97
67.97
67.97
67.97
67.97
67.97
67.97
67.97
67.97
67.97
67.97
67.97
67.97
67.97
67.97
67.97
67.97
67.97
67.97
67.97
67.97
67.97
67.97
67.97
67.97
67.97
67.97
67.97
67.97
67.97
67.97
67.97
67.97
67.97
67.97
67.97
67.97
67.97
67.97
67.97
67.97
67.97
67.97
67.97
67.97
67.97
67.97
67.97
67.97
67.97
67.97
67.97
67.97
67.97
67.97
67.977
67.97
67.977
67.97
67.97
67.97
67.97
67.97
67.97
67.97
67.97
67.97
67.97
67.97
67.97
67.97
67.97
67.97
67.977
67.97
67.97
67.977
67.97
67.977
67.97
67.97
67.977
67.97
67.977
67.977
67.977
67.977
67.977
67.977
67.97
67.977
67.97
67.97
67.977
67.97
67.977
67.977
67.977
67.97
67.97
67.977
67.977
67.977
67.977
67.977
67.977
67.977
67.977
67.977
67.977
67.977
67.977
67.977
67.977
67.977
67.977
67.977
67.977
67.977
67.97
67.977
67.977
67.977
67.97
67.97
67.977
67.97
67.977
67.97
67.97
67.97
67.97
67.977
67.97
67.97
67.97
67.97
67.97
67.97
67.97
67.97
67.97
67.97
67.97
67.97
67.977
67.97
67.977
67.97
67.97
67.97
67.977
67.977
67.97
67.977
67.97
67.97
67.97
67.977
67.977
67.977
67.97
67.97
67.97
67.97
67.963
67.963
67.956
67.956
67.956
67.949
67.949
67.942
67.942
67.935
67.935
67.928
67.928
67.921
67.921
67.921
67.914
67.914
67.914
67.914
67.907
67.907
67.907
67.907
67.907
67.907
67.9
67.9
67.9
67.9
67.9
67.9
67.9
67.9
67.9
67.893
67.893
67.893
67.893
67.893
67.893
67.893
67.893
67.893
67.893
67.893
67.893
67.893
67.893
67.893
67.893
67.893
67.893
67.893
67.886
67.886
67.893
67.886
67.886
67.886
67.886
67.886
67.886
67.886
67.886
67.886
67.886
67.886
67.886
67.886
67.886
67.886
67.886
67.886
67.886
67.886
67.886
67.886
67.886
67.886
67.886
67.886
67.886
67.886
67.886
67.886
67.886
67.886
67.886
67.886
67.886
67.886
67.886
67.886
67.886
67.886
67.886
67.886
67.886
67.886
67.886
67.886
67.886
67.879
67.886
67.879
67.879
67.879
67.879
67.879
67.879
67.879
67.879
67.879
67.879
67.879
67.879
67.879
67.879
67.879
67.879
67.879
67.879
67.879
67.879
67.879
67.879
67.879
67.879
67.879
67.879
67.879
67.879
67.879
67.879
67.879
67.879
67.879
67.879
67.879
67.879
67.879
67.879
67.879
67.879
67.879
67.879
67.879
67.879
67.879
67.879
67.879
67.879
67.879
67.879
67.879
67.879
67.879
67.879
67.879
67.879
67.879
67.879
67.879
67.879
67.879
67.879
67.879
67.879
67.879
67.879
67.879
67.879
67.879
67.879
67.879
67.879
67.879
67.879
67.879
67.879
67.879
67.879
67.879
67.879
67.879
67.879
67.879
67.879
67.879
67.879
67.879
67.879
67.879
67.879
67.879
67.879
67.879
67.879
67.879
67.879
67.879
67.879
67.879
67.879
67.879
67.879
67.879
67.879
67.879
67.879
67.879
67.879
67.879
67.879
67.879
67.879
67.879
67.879
67.879
67.879
67.879
67.879
67.879
67.879
67.879
67.879
67.879
67.879
67.879
67.879
67.879
67.879
67.879
67.879
67.879
67.879
67.879
67.879
67.879
67.879
67.879
67.879
67.879
67.879
67.879
67.879
67.879
67.879
67.879
67.879
67.879
67.879
67.879
67.879
67.879
67.886
67.886
67.886
67.886
67.893
67.893
67.893
67.9
67.9
67.907
67.907
67.907
67.914
67.914
67.914
67.921
67.921
67.921
67.928
67.928
67.928
67.928
67.935
67.935
67.935
67.935
67.942
67.942
67.942
67.942
67.942
67.949
67.949
67.949
67.949
67.949
67.949
67.956
67.956
67.956
67.956
67.956
67.956
67.963
67.963
67.963
67.963
67.963
67.963
67.963
67.963
67.963
67.963
67.963
67.97
67.97
67.97
67.97
67.97
67.97
67.97
67.977
67.977
67.977
67.977
67.977
67.977
67.977
67.977
67.977
67.984
67.984
67.984
67.984
67.984
67.984
67.984
67.984
67.984
67.984
67.984
67.991
67.991
67.991
67.991
67.991
67.991
67.991
67.991
67.991
67.991
67.991
67.991
67.991
67.998
67.998
67.998
67.998
67.998
67.998
67.998
67.998
67.998
67.998
67.998
67.998
67.998
68.005
68.005
68.005
68.005
68.005
68.005
68.005
68.005
68.005
68.005
68.005
68.005
68.005
68.005
68.005
68.005
68.005
68.005
68.012
68.005
68.012
68.012
68.012
68.012
68.012
68.012
68.012
68.012
68.012
68.012
68.012
68.012
68.019
68.012
68.012
68.012
68.019
68.012
68.012
68.019
68.019
68.019
68.019
68.019
68.019
68.019
68.019
68.019
68.019
68.019
68.019
68.019
68.019
68.019
68.019
68.019
68.019
68.019
68.019
68.019
68.019
68.019
68.019
68.026
68.026
68.026
68.026
68.026
68.026
68.026
68.026
68.026
68.026
68.026
68.026
68.026
68.026
68.026
68.026
68.026
68.026
68.026
68.026
68.026
68.026
68.026
68.026
68.026
68.026
68.026
68.026
68.026
68.026
68.033
68.026
68.026
68.026
68.026
68.033
68.033
68.033
68.033
68.033
68.026
68.033
68.033
68.033
68.033
68.033
68.033
68.033
68.033
68.033
68.033
68.033
68.033
68.033
68.033
68.033
68.033
68.033
68.033
68.033
68.033
68.033
68.033
68.033
68.033
68.033
68.033
68.033
68.033
68.033
68.033
68.033
68.033
68.033
68.033
68.033
68.033
68.033
68.033
68.033
68.033
68.033
68.033
68.033
68.033
68.033
68.033
68.033
68.033
68.033
68.04
68.04
68.04
68.033
68.033
68.04
68.04
68.04
68.04
68.04
68.04
68.04
68.033
68.04
68.04
68.04
68.04
68.04
68.04
68.04
68.04
68.04
68.04
68.033
68.04
68.04
68.04
68.04
68.04
68.04
68.04
68.04
68.04
68.04
68.04
68.04
68.04
68.04
68.04
68.04
68.04
68.04
68.04
68.04
68.04
68.04
68.04
68.04
68.04
68.04
68.04
68.04
68.04
68.04
68.04
68.04
68.04
68.04
68.04
68.04
68.04
68.04
68.04
68.04
68.04
68.04
68.04
68.04
68.04
68.04
68.04
68.04
68.04
68.04
68.04
68.04
68.04
68.04
68.04
68.04
68.04
68.04
68.04
68.04
68.04
68.04
68.04
68.04
68.04
68.04
68.04
68.04
68.04
68.04
68.04
68.04
68.04
68.04
68.04
68.04
68.04
68.04
68.04
68.04
68.04
68.04
68.04
68.04
68.04
68.04
68.04
68.04
68.04
68.04
68.04
68.04
68.04
68.04
68.04
68.04
68.04
68.04
68.04
68.04
68.04
68.04
68.04
68.04
68.04
68.04
68.04
68.04
68.04
68.04
68.04
68.04
68.04
68.04
68.04
68.04
68.04
68.04
68.04
68.04
68.04
68.04
68.04
68.033
68.04
68.04
68.033
68.033
68.04
68.033
68.033
68.033
68.033
68.033
68.033
68.033
68.033
68.033
68.033
68.033
68.033
68.033
68.033
68.033
68.033
68.033
68.033
68.033
68.033
68.033
68.033
68.033
68.033
68.033
68.033
68.033
68.033
68.033
68.033
68.033
68.033
68.033
68.033
68.033
68.026
68.026
68.026
68.019
68.019
68.019
68.012
68.012
68.005
68.005
68.005
68.005
67.998
67.998
67.998
67.998
67.991
67.991
67.991
67.991
67.991
67.991
67.991
67.984
67.984
67.984
67.984
67.984
67.984
67.984
67.984
67.984
67.984
67.984
67.977
67.984
67.977
67.977
67.977
67.977
67.977
67.977
67.977
67.977
67.977
67.977
67.977
67.977
67.977
67.977
67.977
67.977
67.977
67.977
67.97
67.97
67.977
67.97
67.97
67.97
67.97
67.97
67.97
67.97
67.97
67.97
67.97
67.97
67.97
67.97
67.97
67.97
67.97
67.97
67.97
67.97
67.963
67.97
67.963
67.97
67.97
67.963
67.963
67.963
67.963
67.963
67.963
67.963
67.963
67.963
67.963
67.963
67.963
67.963
67.963
67.963
67.963
67.963
67.963
67.963
67.963
67.963
67.963
67.963
67.963
67.963
67.963
67.963
67.963
67.956
67.963
67.963
67.963
67.963
67.956
67.963
67.956
67.963
67.956
67.956
67.956
67.956
67.956
67.956
67.956
67.956
67.956
67.956
67.956
67.956
67.956
67.956
67.956
67.956
67.956
67.956
67.956
67.956
67.956
67.956
67.956
67.956
67.956
67.956
67.956
67.956
67.956
67.956
67.956
67.956
67.956
67.956
67.956
67.956
67.956
67.956
67.956
67.956
67.956
67.956
67.956
67.956
67.956
67.956
67.956
67.956
67.956
67.949
67.956
67.956
67.956
67.956
67.956
67.949
67.949
67.949
67.949
67.949
67.956
67.949
67.949
67.949
67.949
67.949
67.949
67.949
67.949
67.949
67.949
67.949
67.949
67.949
67.949
67.949
67.949
67.949
67.949
67.949
67.949
67.949
67.949
67.949
67.949
67.949
67.949
67.949
67.949
67.949
67.949
67.949
67.949
67.949
67.949
67.949
67.949
67.949
67.949
67.949
67.949
67.949
67.949
67.949
67.949
67.949
67.949
67.949
67.949
67.949
67.949
67.949
67.949
67.949
67.942
67.942
67.949
67.942
67.942
67.949
67.942
67.949
67.942
67.942
67.942
67.942
67.942
67.942
67.942
67.942
67.942
67.942
67.942
67.942
67.942
67.942
67.942
67.942
67.942
67.942
67.942
67.942
67.942
67.942
67.942
67.942
67.942
67.942
67.942
67.942
67.942
67.942
67.942
67.942
67.942
67.942
67.942
67.942
67.942
67.942
67.942
67.942
67.942
67.942
67.942
67.942
67.942
67.942
67.942
67.942
67.935
67.942
67.935
67.942
67.942
67.935
67.935
67.935
67.942
67.935
67.935
67.935
67.935
67.935
67.935
67.935
67.935
67.935
67.935
67.935
67.935
67.935
67.935
67.935
67.942
67.935
67.935
67.935
67.935
67.935
67.942
67.942
67.942
67.949
67.956
67.97
68.005
68.061
68.124
68.222
68.418
68.46
68.481
68.495
68.509
68.523
68.53
68.537
68.544
68.551
68.551
68.558
68.558
68.565
68.565
68.565
68.572
68.572
68.572
68.572
68.579
68.579
68.579
68.579
68.579
68.579
68.579
68.586
68.586
68.586
68.586
68.586
68.586
68.586
68.586
68.586
68.586
68.586
68.586
68.586
68.586
68.586
68.586
68.586
68.586
68.586
68.586
68.586
68.586
68.586
68.586
68.586
68.586
68.586
68.586
68.586
68.586
68.586
68.586
68.586
68.586
68.586
68.586
68.586
68.593
68.586
68.586
68.586
68.586
68.586
68.593
68.593
68.586
68.593
68.593
68.586
68.586
68.593
68.593
68.593
68.593
68.593
68.593
68.593
68.593
68.593
68.593
68.593
68.593
68.593
68.593
68.593
68.593
68.593
68.593
68.593
68.593
68.593
68.593
68.593
68.586
68.593
68.593
68.593
68.593
68.593
68.593
68.593
68.593
68.593
68.593
68.593
68.593
68.593
68.593
68.593
68.593
68.593
68.593
68.593
68.593
68.593
68.593
68.593
68.593
68.593
68.593
68.586
68.593
68.586
68.593
68.593
68.593
68.593
68.593
68.593
68.593
68.593
68.593
68.593
68.593
68.593
68.593
68.593
68.586
68.586
68.586
68.593
68.586
68.586
68.586
68.586
68.586
68.586
68.586
68.586
68.586
68.586
68.586
68.593
68.586
68.586
68.586
68.586
68.586
68.586
68.586
68.586
68.586
68.586
68.586
68.586
68.586
68.586
68.586
68.586
68.586
68.586
68.586
68.586
68.586
68.586
68.586
68.586
68.586
68.586
68.586
68.586
68.586
68.586
68.586
68.586
68.586
68.586
68.586
68.586
68.586
68.586
68.586
68.586
68.586
68.586
68.586
68.586
68.586
68.586
68.586
68.586
68.586
68.586
68.586
68.586
68.586
68.586
68.579
68.579
68.572
68.572
68.565
68.558
68.551
68.551
68.544
68.537
68.53
68.523
68.509
68.502
68.495
68.481
68.474
68.46
68.453
68.432
68.404
68.152
68.117
68.089
68.061
68.047
68.033
68.026
68.012
68.005
67.998
67.991
67.984
67.977
67.977
67.97
67.963
67.963
67.956
67.956
67.956
67.949
67.949
67.949
67.942
67.942
67.942
67.935
67.935
67.935
67.935
67.928
67.928
67.928
67.928
67.928
67.921
67.921
67.921
67.921
67.921
67.914
67.914
67.914
67.914
67.914
67.914
67.914
67.907
67.914
67.907
67.907
67.907
67.907
67.907
67.907
67.9
67.9
67.9
67.9
67.9
67.9
67.9
67.9
67.9
67.893
67.893
67.893
67.893
67.893
67.893
67.893
67.893
67.893
67.893
67.893
67.893
67.886
67.886
67.886
67.886
67.886
67.886
67.886
67.886
67.886
67.886
67.886
67.886
67.886
67.886
67.886
67.886
67.886
67.879
67.886
67.886
67.886
67.879
67.879
67.879
67.879
67.879
67.879
67.879
67.879
67.879
67.879
67.879
67.879
67.879
67.879
67.879
67.879
67.879
67.879
67.879
67.879
67.879
67.879
67.879
67.879
67.879
67.879
67.872
67.879
67.872
67.879
67.872
67.872
67.872
67.872
67.872
67.872
67.872
67.872
67.872
67.872
67.872
67.872
67.872
67.872
67.872
67.872
67.872
67.872
67.872
67.872
67.872
67.872
67.872
67.872
67.872
67.872
67.872
67.872
67.872
67.872
67.865
67.865
67.865
67.865
67.865
67.865
67.872
67.865
67.872
67.872
67.865
67.865
67.865
67.865
67.865
67.865
67.865
67.865
67.865
67.865
67.865
67.865
67.865
67.865
67.865
67.865
67.865
67.865
67.865
67.865
67.865
67.865
67.865
67.865
67.865
67.865
67.865
67.865
67.865
67.865
67.865
67.865
67.865
67.865
67.865
67.865
67.865
67.865
67.865
67.865
67.865
67.858
67.865
67.865
67.865
67.865
67.865
67.865
67.858
67.858
67.865
67.865
67.858
67.858
67.858
67.858
67.858
67.858
67.858
67.858
67.858
67.858
67.858
67.858
67.858
67.858
67.858
67.858
67.858
67.858
67.858
67.858
67.858
67.858
67.858
67.858
67.858
67.858
67.858
67.858
67.858
67.858
67.858
67.858
67.858
67.858
67.858
67.858
67.858
67.858
67.858
67.858
67.858
67.858
67.858
67.858
67.858
67.858
67.858
67.858
67.858
67.858
67.858
67.858
67.851
67.851
67.858
67.858
67.858
67.851
67.851
67.851
67.858
67.858
67.851
67.858
67.851
67.851
67.851
67.858
67.851
67.851
67.851
67.858
67.851
67.851
67.851
67.858
67.858
67.851
67.851
67.851
67.851
67.851
67.851
67.851
67.851
67.851
67.851
67.851
67.851
67.851
67.851
67.851
67.851
67.851
67.851
67.851
67.851
67.851
67.858
67.851
67.851
67.858
67.851
67.851
67.851
67.851
67.851
67.851
67.851
67.851
67.851
67.851
67.851
67.851
67.851
67.851
67.858
67.851
67.851
67.851
67.851
67.851
67.858
67.858
67.851
67.851
67.851
67.851
67.851
67.851
67.851
67.851
67.851
67.851
67.851
67.851
67.851
67.858
67.851
67.851
67.851
67.851
67.851
67.851
67.858
67.851
67.851
67.851
67.851
67.851
67.851
67.851
67.851
67.851
67.851
67.851
67.851
67.851
67.851
67.851
67.851
67.851
67.851
67.851
67.851
67.851
67.851
67.851
67.851
67.858
67.851
67.851
67.851
67.851
67.851
67.851
67.851
67.858
67.851
67.851
67.851
67.851
67.851
67.851
67.851
67.851
67.858
67.851
67.858
67.851
67.851
67.851
67.851
67.851
67.851
67.851
67.851
67.851
67.851
67.851
67.851
67.851
67.851
67.851
67.851
67.851
67.851
67.851
67.851
67.851
67.851
67.851
67.851
67.851
67.851
67.851
67.851
67.851
67.851
67.851
67.851
67.851
67.851
67.851
67.851
67.851
67.851
67.851
67.851
67.851
67.851
67.851
67.851
67.851
67.851
67.851
67.851
67.858
67.858
67.851
67.851
67.851
67.851
67.851
67.851
67.851
67.851
67.858
67.851
67.851
67.851
67.858
67.851
67.851
67.858
67.858
67.851
67.851
67.851
67.851
67.851
67.851
67.851
67.851
67.851
67.851
67.851
67.858
67.851
67.858
67.851
67.851
67.851
67.851
67.851
67.851
67.858
67.851
67.851
67.851
67.851
67.858
67.858
67.851
67.858
67.851
67.858
67.851
67.858
67.851
67.851
67.851
67.858
67.851
67.851
67.858
67.858
67.851
67.851
67.851
67.851
67.851
67.858
67.858
67.851
67.851
67.851
67.858
67.851
67.851
67.851
67.851
67.858
67.851
67.858
67.858
67.851
67.858
67.851
67.858
67.858
67.851
67.858
67.858
67.858
67.858
67.858
67.858
67.858
67.858
67.858
67.858
67.858
67.851
67.851
67.858
67.858
67.858
67.851
67.858
67.858
67.851
67.851
67.858
67.851
67.851
67.858
67.858
67.858
67.858
67.851
67.858
67.858
67.851
67.851
67.851
67.858
67.858
67.858
67.858
67.858
67.858
67.858
67.858
67.858
67.858
67.858
67.858
67.858
67.858
67.858
67.858
67.858
67.858
67.858
67.858
